2.3010640964e-16 1.8855491239e-15
2.6005284644e-16 1.9307702978e-15
2.6005284644e-16 3.1517365359e-15
6.2477962441e-16 7.4278197684e-15
6.1700565808e-16 7.4379775439e-15
6.3541638502e-16 7.5878965584e-15
2.1628749484e-16 1.8291101588e-15
2.1628749484e-16 2.9910320366e-15
6.5156066836e-16 7.0521781260e-15
6.2968212692e-16 6.6083914540e-15
6.3928101356e-16 6.5478691420e-15
2.1628749484e-16 3.9265249755e-15
6.5156066836e-16 1.0416648071e-14
6.2968212692e-16 9.6210420911e-15
6.3901419743e-16 9.5691684604e-15
8.2015374480e-16 1.2147038462e-14
8.0247742407e-16 1.1738153107e-14
8.1313373189e-16 1.2070980870e-14
2.3779985195e-16 1.5794798411e-15
2.3779985195e-16 2.5906045976e-15
5.3544358301e-16 5.5368669060e-15
5.2754399299e-16 5.3696198042e-15
5.3441750644e-16 5.2505767217e-15
2.3779985195e-16 3.5453611544e-15
5.3544358301e-16 8.4930810606e-15
5.2754399299e-16 7.8540263132e-15
5.3435131404e-16 7.5399222142e-15
7.2591122504e-16 1.0254323227e-14
7.0494876666e-16 9.5819228216e-15
7.2034889784e-16 9.8747695717e-15
2.3779985195e-16 4.3588349193e-15
5.3544358301e-16 1.1129000998e-14
5.2754399299e-16 1.0028834413e-14
5.3435131404e-16 9.6136810282e-15
7.2591122504e-16 1.4247303741e-14
7.0494876666e-16 1.3055814917e-14
7.2041509684e-16 1.3509438177e-14
8.4865611086e-16 1.5439664141e-14
8.3487956733e-16 1.4931461382e-14
8.4321555854e-16 1.5155725799e-14
2.5441113301e-16 2.2375115109e-15
2.5441113301e-16 3.0199159274e-15
5.4920161263e-16 6.0930380235e-15
5.4072539284e-16 5.8723502586e-15
5.4112694606e-16 5.7668892686e-15
2.5441113301e-16 3.7867373408e-15
5.4920161263e-16 8.6772562212e-15
5.4072539284e-16 7.8049250505e-15
5.4130092476e-16 7.5850922739e-15
7.2739128354e-16 9.5940428950e-15
7.0278904806e-16 9.1007409344e-15
7.0994995540e-16 9.1966969389e-15
2.5441113301e-16 4.5719870679e-15
5.4920161263e-16 1.1410740352e-14
5.4072539284e-16 9.9481927860e-15
5.4130092476e-16 9.6904610257e-15
7.2739128354e-16 1.3142269328e-14
7.0278904806e-16 1.2065906653e-14
7.0995264361e-16 1.2024659027e-14
8.6271947041e-16 1.4064141721e-14
8.2743021810e-16 1.3220312273e-14
8.3790493536e-16 1.3377664245e-14
2.5441113301e-16 5.2514590420e-15
5.4920161263e-16 1.3321720828e-14
5.4072539284e-16 1.1689425682e-14
5.4130092476e-16 1.1384083265e-14
7.2739128354e-16 1.6254765265e-14
7.0278904806e-16 1.4666166560e-14
7.1002464716e-16 1.4613300844e-14
8.6271947041e-16 1.8480829972e-14
8.2743021810e-16 1.6947985336e-14
8.3792012132e-16 1.7165287450e-14
1.0107743555e-15 1.9573870138e-14
9.8028996752e-16 1.8403980045e-14
9.9325842997e-16 1.8889099356e-14
2.3980633591e-16 1.6861012725e-15
2.3980633591e-16 2.5835617338e-15
5.2652011520e-16 6.1562875120e-15
5.1704054288e-16 5.8016192822e-15
5.2531301295e-16 5.6844544599e-15
2.3980633591e-16 3.2042482663e-15
5.2652011520e-16 8.2814487119e-15
5.1704054288e-16 7.4685651607e-15
5.2516662039e-16 7.2172512587e-15
7.0430879191e-16 9.3209703568e-15
6.8158745763e-16 8.8533358308e-15
6.8864004441e-16 8.8896441279e-15
2.3980633591e-16 3.8668466056e-15
5.2652011520e-16 1.0580687430e-14
5.1704054288e-16 9.4098834854e-15
5.2516662039e-16 9.0827693692e-15
7.0430879191e-16 1.2431042821e-14
6.8158745763e-16 1.1401866346e-14
6.8954242423e-16 1.1337417862e-14
8.2403483522e-16 1.3017537504e-14
7.9532170023e-16 1.2163360951e-14
8.0050539693e-16 1.2224841268e-14
2.3980633591e-16 4.5442059250e-15
5.2652011520e-16 1.2648646202e-14
5.1704054288e-16 1.1221878866e-14
5.2516662039e-16 1.0886262427e-14
7.0430879191e-16 1.5434297733e-14
6.8158745763e-16 1.3946995691e-14
6.8952062186e-16 1.3807646075e-14
8.2403483522e-16 1.6883427960e-14
7.9532170023e-16 1.5358484341e-14
8.0009924818e-16 1.5189180623e-14
9.6459327949e-16 1.7468404057e-14
9.2972408009e-16 1.6257230933e-14
9.3820360789e-16 1.6618419473e-14
2.3980633591e-16 5.2741889385e-15
5.2652011520e-16 1.4242935790e-14
5.1704054288e-16 1.2697192891e-14
5.2516662039e-16 1.2317189229e-14
7.0430879191e-16 1.8081390218e-14
6.8158745763e-16 1.6084715221e-14
6.8952062186e-16 1.5872869026e-14
8.2403483522e-16 2.0399919633e-14
7.9532170023e-16 1.8191663189e-14
8.0018747242e-16 1.7970531299e-14
9.6459327949e-16 2.2009445369e-14
9.2972408009e-16 2.0103393519e-14
9.3844346258e-16 2.0523933832e-14
1.0655105662e-15 2.2756509844e-14
1.0319702145e-15 2.1381219270e-14
1.0411089890e-15 2.1704314303e-14
2.2292380378e-16 1.6286620792e-15
2.2292380378e-16 2.5055892035e-15
5.1774762179e-16 6.3125299483e-15
4.9704745647e-16 6.0501585576e-15
5.0920150582e-16 6.0451417184e-15
2.2292380378e-16 3.1989954626e-15
5.1774762179e-16 8.4170303994e-15
4.9704745647e-16 7.4944556096e-15
5.0923730866e-16 7.3577558365e-15
6.9916300048e-16 9.8183801956e-15
6.7309782662e-16 9.2265021457e-15
6.8183022245e-16 9.2175312588e-15
2.2292380378e-16 3.9247331194e-15
5.1774762179e-16 1.0418772952e-14
4.9704745647e-16 9.0781376703e-15
5.0923730866e-16 8.9613964782e-15
6.9916300048e-16 1.2776958185e-14
6.7309782662e-16 1.1417543792e-14
6.8181357408e-16 1.1390326019e-14
8.2746850895e-16 1.3105951789e-14
7.9404612218e-16 1.2502885927e-14
7.9715812576e-16 1.2497057536e-14
2.2292380378e-16 4.5662974277e-15
5.1774762179e-16 1.2253463538e-14
4.9704745647e-16 1.0767888488e-14
5.0923730866e-16 1.0495968847e-14
6.9916300048e-16 1.5409445908e-14
6.7309782662e-16 1.3574938530e-14
6.8172139888e-16 1.3551566830e-14
8.2746850895e-16 1.6552612374e-14
7.9404612218e-16 1.5188413365e-14
7.9705636268e-16 1.5047264236e-14
9.4674870659e-16 1.6322943600e-14
9.0661117358e-16 1.5282563374e-14
9.1559139258e-16 1.5383331643e-14
2.2292380378e-16 5.0089453290e-15
5.1774762179e-16 1.3893986737e-14
4.9704745647e-16 1.2157706379e-14
5.0923730866e-16 1.1811820398e-14
6.9916300048e-16 1.7959938450e-14
6.7309782662e-16 1.5678404090e-14
6.8172139888e-16 1.5598762917e-14
8.2746850895e-16 1.9897916788e-14
7.9404612218e-16 1.7891909261e-14
7.9714494316e-16 1.7712987697e-14
9.4674870659e-16 2.0154386265e-14
9.0661117358e-16 1.8522228350e-14
9.1548790827e-16 1.8511492260e-14
1.0417857064e-15 2.0815378135e-14
1.0036111464e-15 1.9523286821e-14
1.0087461145e-15 1.9739586759e-14
2.2292380378e-16 5.5647674907e-15
5.1774762179e-16 1.5379244557e-14
4.9704745647e-16 1.3395614835e-14
5.0923730866e-16 1.3087551453e-14
6.9916300048e-16 2.0128800812e-14
6.7309782662e-16 1.7524495452e-14
8.2746850895e-16 2.2871750617e-14
7.9404612218e-16 2.0285161985e-14
7.9713730738e-16 2.0097258708e-14
9.4674870659e-16 2.3746159499e-14
9.0661117358e-16 2.1508177699e-14
9.1525984255e-16 2.1572723986e-14
1.0417857064e-15 2.5445142885e-14
1.0036111464e-15 2.3333222933e-14
1.0088009241e-15 2.3609394835e-14
1.1124556109e-15 2.6040678270e-14
1.0737528206e-15 2.4334003914e-14
1.0783090959e-15 2.4553919799e-14
2.2539303121e-16 1.5961221000e-15
2.2539303121e-16 2.4337453047e-15
4.9023018919e-16 5.8561555539e-15
4.7675503877e-16 5.5552885447e-15
4.7939123779e-16 5.4366323907e-15
2.2539303121e-16 3.1599090773e-15
4.9023018919e-16 7.8094305893e-15
4.7675503877e-16 6.8559425039e-15
4.7924037137e-16 6.6895170285e-15
6.3627749669e-16 9.1527380634e-15
6.0597055037e-16 8.4833329816e-15
6.1693487096e-16 8.4543997654e-15
2.2539303121e-16 3.8776821111e-15
4.9023018919e-16 9.9509237616e-15
4.7675503877e-16 8.4429644897e-15
4.7924037137e-16 8.1225097400e-15
6.3627749669e-16 1.1914388096e-14
6.0597055037e-16 1.0593145108e-14
6.1687687037e-16 1.0453813303e-14
7.5077565685e-16 1.2150494604e-14
7.1412816766e-16 1.1590534285e-14
7.1982730516e-16 1.1427680716e-14
2.2539303121e-16 4.4686909365e-15
4.9023018919e-16 1.1734867891e-14
4.7675503877e-16 9.8932718113e-15
4.7924037137e-16 9.4722170730e-15
6.3627749669e-16 1.4381281455e-14
6.0597055037e-16 1.2520740902e-14
6.1682896803e-16 1.2358050621e-14
7.5077565685e-16 1.5432399454e-14
7.1412816766e-16 1.3965707633e-14
7.1982286058e-16 1.3801486367e-14
