Tall and skinny matrices
m=100000 n=10 k=10
Reference dorgqr ran 30 times
0.002628
0.002553
0.002485
0.002547
0.002507
0.002693
0.002509
0.002461
0.002677
0.002558
0.002676
0.002493
0.002533
0.002583
0.002473
0.002722
0.002505
0.002497
0.002648
0.002537
0.002536
0.002518
0.002577
0.002739
0.002541
0.002503
0.002569
0.002515
0.002771
0.002489
my_dorgqr ran 30 times
0.002502
0.002588
0.002540
0.002605
0.002525
0.002628
0.002531
0.002493
0.002731
0.002520
0.002695
0.002654
0.002488
0.002688
0.002499
0.002662
0.002500
0.002529
0.002730
0.002510
0.002727
0.002516
0.002648
0.002499
0.002497
0.002589
0.002498
0.002658
0.002548
0.002509
m=100000 n=20 k=10
Reference dorgqr ran 30 times
0.006448
0.005997
0.006067
0.006524
0.005982
0.006448
0.006013
0.006342
0.006083
0.006434
0.006314
0.004487
0.004497
0.004678
0.006398
0.004443
0.004664
0.004699
0.004665
0.004671
0.004701
0.004681
0.004829
0.004605
0.004519
0.004615
0.004469
0.004439
0.004495
0.004423
my_dorgqr ran 30 times
0.004455
0.004685
0.004734
0.004676
0.004769
0.004679
0.004816
0.004709
0.004882
0.004668
0.004670
0.004651
0.004690
0.004432
0.004426
0.004489
0.004442
0.004483
0.004466
0.004586
0.004430
0.004555
0.004663
0.004553
0.004617
0.004681
0.004690
0.004654
0.004671
0.004636
m=100000 n=20 k=20
Reference dorgqr ran 30 times
0.008357
0.008600
0.008607
0.008463
0.008082
0.008489
0.008495
0.008691
0.008486
0.008096
0.008475
0.008375
0.008820
0.008480
0.008172
0.008473
0.008394
0.008646
0.008459
0.008135
0.011597
0.008519
0.008654
0.008124
0.008412
0.008375
0.008765
0.008484
0.008181
0.008489
my_dorgqr ran 30 times
0.008328
0.008636
0.008513
0.008398
0.008534
0.010737
0.008572
0.008465
0.008702
0.008201
0.008471
0.008120
0.008483
0.008208
0.008537
0.008479
0.008655
0.008526
0.008156
0.008819
0.008546
0.008235
0.008599
0.008145
0.008671
0.008094
0.008461
0.008137
0.008697
0.008593
m=100000 n=30 k=10
Reference dorgqr ran 30 times
0.007048
0.006871
0.006768
0.007216
0.007265
0.007174
0.007187
0.006956
0.006942
0.006874
0.006826
0.007012
0.007010
0.007160
0.006825
0.006798
0.007016
0.007064
0.007111
0.006850
0.006827
0.007033
0.007056
0.007003
0.007053
0.006895
0.006852
0.007064
0.007298
0.007170
my_dorgqr ran 30 times
0.007407
0.006835
0.006903
0.007251
0.006993
0.006957
0.007087
0.006801
0.006779
0.006958
0.007452
0.007044
0.007090
0.006802
0.006892
0.007376
0.007072
0.007095
0.007016
0.006834
0.006882
0.007099
0.008662
0.007365
0.007362
0.006882
0.006840
0.007040
0.007100
0.007012
m=100000 n=30 k=20
Reference dorgqr ran 30 times
0.012016
0.012110
0.012588
0.013386
0.012145
0.012118
0.012261
0.012230
0.013470
0.013019
0.012322
0.012051
0.012194
0.012606
0.012044
0.011992
0.012370
0.012116
0.012049
0.012503
0.012078
0.012021
0.012441
0.012400
0.013048
0.012512
0.012168
0.012076
0.012216
0.012812
my_dorgqr ran 30 times
0.012101
0.012171
0.012194
0.012333
0.012310
0.012116
0.013759
0.012086
0.012132
0.012300
0.012709
0.012633
0.012206
0.012124
0.012143
0.012079
0.012175
0.012447
0.012164
0.012158
0.012006
0.012228
0.012387
0.012322
0.012294
0.012307
0.012097
0.012180
0.012029
0.012289
m=100000 n=30 k=30
Reference dorgqr ran 30 times
0.024316
0.024850
0.025793
0.024456
0.024486
0.024018
0.024734
0.024767
0.024287
0.024179
0.024642
0.024443
0.024732
0.024491
0.024260
0.024467
0.026475
0.024844
0.024416
0.024474
0.024746
0.024936
0.025297
0.024422
0.024360
0.024764
0.024508
0.024507
0.024439
0.024851
my_dorgqr ran 30 times
0.024835
0.024376
0.024544
0.024423
0.024767
0.024681
0.024424
0.025769
0.024272
0.024972
0.025280
0.025090
0.024436
0.024266
0.024424
0.025620
0.024756
0.024596
0.024735
0.024346
0.024364
0.024810
0.024981
0.025016
0.024507
0.024316
0.024717
0.025018
0.024581
0.024599
m=100000 n=40 k=10
Reference dorgqr ran 30 times
0.009016
0.009077
0.009354
0.009310
0.010683
0.009235
0.008827
0.008924
0.008981
0.009098
0.009132
0.009169
0.009034
0.009219
0.009265
0.009234
0.009013
0.009036
0.009476
0.009102
0.009267
0.009228
0.008956
0.009422
0.009309
0.009740
0.009039
0.009969
0.008977
0.009834
my_dorgqr ran 30 times
0.009098
0.009274
0.009072
0.009048
0.009002
0.009378
0.009184
0.009052
0.009170
0.009369
0.009082
0.009054
0.009124
0.009292
0.008956
0.009208
0.009262
0.009078
0.009171
0.009020
0.010241
0.009014
0.009059
0.009334
0.009363
0.009197
0.009318
0.009259
0.009134
0.009434
m=100000 n=40 k=20
Reference dorgqr ran 30 times
0.014991
0.014741
0.015369
0.014681
0.014894
0.015099
0.014627
0.014680
0.015080
0.016747
0.014954
0.015075
0.014737
0.014613
0.014680
0.014971
0.014617
0.014827
0.014733
0.014694
0.014935
0.016256
0.014692
0.014568
0.015219
0.014676
0.014719
0.014766
0.015216
0.014574
my_dorgqr ran 30 times
0.015193
0.014926
0.014715
0.014768
0.015485
0.016562
0.016209
0.015393
0.014756
0.014994
0.014899
0.015151
0.014860
0.014772
0.015248
0.014783
0.015001
0.014965
0.014890
0.014662
0.014899
0.015268
0.014810
0.014747
0.014977
0.015216
0.014666
0.014760
0.015293
0.016750
m=100000 n=40 k=30
Reference dorgqr ran 30 times
0.029310
0.029482
0.029313
0.029274
0.031327
0.029327
0.029181
0.029329
0.029221
0.030949
0.029282
0.030712
0.031012
0.029313
0.029449
0.029768
0.029976
0.029367
0.030275
0.029563
0.029493
0.029754
0.029219
0.028981
0.028961
0.029353
0.029252
0.029681
0.029923
0.029599
my_dorgqr ran 30 times
0.029345
0.029648
0.029068
0.029008
0.029193
0.029367
0.029351
0.029338
0.029189
0.029141
0.029178
0.029211
0.029250
0.029903
0.029402
0.029075
0.029684
0.029276
0.029549
0.029468
0.031160
0.029805
0.031304
0.029901
0.029941
0.029243
0.029392
0.031354
0.031064
0.029788
m=100000 n=40 k=40
Reference dorgqr ran 30 times
0.035409
0.035197
0.035405
0.035449
0.035286
0.035051
0.035620
0.035238
0.036864
0.035516
0.036449
0.035239
0.038084
0.036196
0.035257
0.034761
0.035829
0.035038
0.036735
0.035274
0.035363
0.035424
0.035113
0.035579
0.034868
0.035230
0.035426
0.035077
0.035551
0.035344
my_dorgqr ran 30 times
0.044146
0.042544
0.045404
0.045430
0.042969
0.044297
0.044743
0.045281
0.042399
0.042463
0.043207
0.042469
0.042286
0.042856
0.042483
0.042544
0.042436
0.042659
0.045252
0.043110
0.043945
0.042889
0.043039
0.045017
0.042928
0.042999
0.043084
0.044554
0.042688
0.042917
m=100000 n=50 k=10
Reference dorgqr ran 30 times
0.010827
0.011063
0.011047
0.011060
0.011153
0.011197
0.011018
0.011127
0.011333
0.011410
0.010934
0.011021
0.010903
0.011275
0.011171
0.010932
0.011101
0.010964
0.010959
0.011143
0.010971
0.010979
0.011237
0.011978
0.010990
0.011302
0.010955
0.010991
0.011128
0.011196
my_dorgqr ran 30 times
0.010886
0.011113
0.010963
0.010972
0.010997
0.011085
0.011129
0.010996
0.011015
0.011294
0.011112
0.011076
0.011930
0.010908
0.010995
0.010961
0.011266
0.011188
0.011087
0.011093
0.011172
0.011063
0.011348
0.012772
0.011133
0.011377
0.011098
0.010924
0.011020
0.011019
m=100000 n=50 k=20
Reference dorgqr ran 30 times
0.018996
0.017659
0.019129
0.017813
0.017460
0.017673
0.017634
0.017338
0.017558
0.018743
0.017117
0.017751
0.017504
0.017350
0.017256
0.017722
0.017508
0.017632
0.018694
0.017336
0.017685
0.017690
0.017352
0.017658
0.017480
0.017049
0.017558
0.017338
0.017891
0.019309
my_dorgqr ran 30 times
0.017427
0.017588
0.017315
0.017593
0.019403
0.017206
0.017739
0.018135
0.017228
0.017207
0.017043
0.017319
0.017113
0.017463
0.017763
0.017335
0.017343
0.017713
0.017556
0.017114
0.017531
0.020271
0.017363
0.019636
0.017634
0.017933
0.018092
0.017558
0.017461
0.019327
m=100000 n=50 k=30
Reference dorgqr ran 30 times
0.032467
0.031934
0.032524
0.032190
0.032181
0.032165
0.032546
0.032155
0.032093
0.032176
0.032138
0.032162
0.033118
0.034185
0.033763
0.034103
0.032151
0.032234
0.032495
0.032316
0.032604
0.032333
0.032009
0.034366
0.032288
0.032313
0.033867
0.031996
0.032700
0.034328
my_dorgqr ran 30 times
0.033167
0.032764
0.032796
0.032121
0.032874
0.032222
0.032613
0.033911
0.031957
0.032549
0.032423
0.033959
0.032309
0.032485
0.032128
0.032179
0.032490
0.032253
0.032914
0.032528
0.032794
0.031969
0.032174
0.032762
0.032053
0.034531
0.032302
0.032572
0.031943
0.033687
m=100000 n=50 k=40
Reference dorgqr ran 30 times
0.039446
0.039734
0.043306
0.040093
0.039742
0.039363
0.039729
0.040857
0.039639
0.039987
0.039478
0.039196
0.039497
0.040810
0.039799
0.040047
0.039452
0.039408
0.039412
0.039424
0.039414
0.040718
0.040224
0.039810
0.039676
0.040037
0.039775
0.039784
0.039710
0.041813
my_dorgqr ran 30 times
0.034907
0.034839
0.034639
0.034658
0.034661
0.034814
0.034744
0.034842
0.034817
0.035270
0.035256
0.037049
0.035440
0.034960
0.034983
